K_POINTS crystal
480
  0.00000000  0.00000000  0.00000000  2.083333e-03 
  0.00000000  0.00000000  0.10000000  2.083333e-03 
  0.00000000  0.00000000  0.20000000  2.083333e-03 
  0.00000000  0.00000000  0.30000000  2.083333e-03 
  0.00000000  0.00000000  0.40000000  2.083333e-03 
  0.00000000  0.00000000  0.50000000  2.083333e-03 
  0.00000000  0.00000000  0.60000000  2.083333e-03 
  0.00000000  0.00000000  0.70000000  2.083333e-03 
  0.00000000  0.00000000  0.80000000  2.083333e-03 
  0.00000000  0.00000000  0.90000000  2.083333e-03 
  0.00000000  0.12500000  0.00000000  2.083333e-03 
  0.00000000  0.12500000  0.10000000  2.083333e-03 
  0.00000000  0.12500000  0.20000000  2.083333e-03 
  0.00000000  0.12500000  0.30000000  2.083333e-03 
  0.00000000  0.12500000  0.40000000  2.083333e-03 
  0.00000000  0.12500000  0.50000000  2.083333e-03 
  0.00000000  0.12500000  0.60000000  2.083333e-03 
  0.00000000  0.12500000  0.70000000  2.083333e-03 
  0.00000000  0.12500000  0.80000000  2.083333e-03 
  0.00000000  0.12500000  0.90000000  2.083333e-03 
  0.00000000  0.25000000  0.00000000  2.083333e-03 
  0.00000000  0.25000000  0.10000000  2.083333e-03 
  0.00000000  0.25000000  0.20000000  2.083333e-03 
  0.00000000  0.25000000  0.30000000  2.083333e-03 
  0.00000000  0.25000000  0.40000000  2.083333e-03 
  0.00000000  0.25000000  0.50000000  2.083333e-03 
  0.00000000  0.25000000  0.60000000  2.083333e-03 
  0.00000000  0.25000000  0.70000000  2.083333e-03 
  0.00000000  0.25000000  0.80000000  2.083333e-03 
  0.00000000  0.25000000  0.90000000  2.083333e-03 
  0.00000000  0.37500000  0.00000000  2.083333e-03 
  0.00000000  0.37500000  0.10000000  2.083333e-03 
  0.00000000  0.37500000  0.20000000  2.083333e-03 
  0.00000000  0.37500000  0.30000000  2.083333e-03 
  0.00000000  0.37500000  0.40000000  2.083333e-03 
  0.00000000  0.37500000  0.50000000  2.083333e-03 
  0.00000000  0.37500000  0.60000000  2.083333e-03 
  0.00000000  0.37500000  0.70000000  2.083333e-03 
  0.00000000  0.37500000  0.80000000  2.083333e-03 
  0.00000000  0.37500000  0.90000000  2.083333e-03 
  0.00000000  0.50000000  0.00000000  2.083333e-03 
  0.00000000  0.50000000  0.10000000  2.083333e-03 
  0.00000000  0.50000000  0.20000000  2.083333e-03 
  0.00000000  0.50000000  0.30000000  2.083333e-03 
  0.00000000  0.50000000  0.40000000  2.083333e-03 
  0.00000000  0.50000000  0.50000000  2.083333e-03 
  0.00000000  0.50000000  0.60000000  2.083333e-03 
  0.00000000  0.50000000  0.70000000  2.083333e-03 
  0.00000000  0.50000000  0.80000000  2.083333e-03 
  0.00000000  0.50000000  0.90000000  2.083333e-03 
  0.00000000  0.62500000  0.00000000  2.083333e-03 
  0.00000000  0.62500000  0.10000000  2.083333e-03 
  0.00000000  0.62500000  0.20000000  2.083333e-03 
  0.00000000  0.62500000  0.30000000  2.083333e-03 
  0.00000000  0.62500000  0.40000000  2.083333e-03 
  0.00000000  0.62500000  0.50000000  2.083333e-03 
  0.00000000  0.62500000  0.60000000  2.083333e-03 
  0.00000000  0.62500000  0.70000000  2.083333e-03 
  0.00000000  0.62500000  0.80000000  2.083333e-03 
  0.00000000  0.62500000  0.90000000  2.083333e-03 
  0.00000000  0.75000000  0.00000000  2.083333e-03 
  0.00000000  0.75000000  0.10000000  2.083333e-03 
  0.00000000  0.75000000  0.20000000  2.083333e-03 
  0.00000000  0.75000000  0.30000000  2.083333e-03 
  0.00000000  0.75000000  0.40000000  2.083333e-03 
  0.00000000  0.75000000  0.50000000  2.083333e-03 
  0.00000000  0.75000000  0.60000000  2.083333e-03 
  0.00000000  0.75000000  0.70000000  2.083333e-03 
  0.00000000  0.75000000  0.80000000  2.083333e-03 
  0.00000000  0.75000000  0.90000000  2.083333e-03 
  0.00000000  0.87500000  0.00000000  2.083333e-03 
  0.00000000  0.87500000  0.10000000  2.083333e-03 
  0.00000000  0.87500000  0.20000000  2.083333e-03 
  0.00000000  0.87500000  0.30000000  2.083333e-03 
  0.00000000  0.87500000  0.40000000  2.083333e-03 
  0.00000000  0.87500000  0.50000000  2.083333e-03 
  0.00000000  0.87500000  0.60000000  2.083333e-03 
  0.00000000  0.87500000  0.70000000  2.083333e-03 
  0.00000000  0.87500000  0.80000000  2.083333e-03 
  0.00000000  0.87500000  0.90000000  2.083333e-03 
  0.16666667  0.00000000  0.00000000  2.083333e-03 
  0.16666667  0.00000000  0.10000000  2.083333e-03 
  0.16666667  0.00000000  0.20000000  2.083333e-03 
  0.16666667  0.00000000  0.30000000  2.083333e-03 
  0.16666667  0.00000000  0.40000000  2.083333e-03 
  0.16666667  0.00000000  0.50000000  2.083333e-03 
  0.16666667  0.00000000  0.60000000  2.083333e-03 
  0.16666667  0.00000000  0.70000000  2.083333e-03 
  0.16666667  0.00000000  0.80000000  2.083333e-03 
  0.16666667  0.00000000  0.90000000  2.083333e-03 
  0.16666667  0.12500000  0.00000000  2.083333e-03 
  0.16666667  0.12500000  0.10000000  2.083333e-03 
  0.16666667  0.12500000  0.20000000  2.083333e-03 
  0.16666667  0.12500000  0.30000000  2.083333e-03 
  0.16666667  0.12500000  0.40000000  2.083333e-03 
  0.16666667  0.12500000  0.50000000  2.083333e-03 
  0.16666667  0.12500000  0.60000000  2.083333e-03 
  0.16666667  0.12500000  0.70000000  2.083333e-03 
  0.16666667  0.12500000  0.80000000  2.083333e-03 
  0.16666667  0.12500000  0.90000000  2.083333e-03 
  0.16666667  0.25000000  0.00000000  2.083333e-03 
  0.16666667  0.25000000  0.10000000  2.083333e-03 
  0.16666667  0.25000000  0.20000000  2.083333e-03 
  0.16666667  0.25000000  0.30000000  2.083333e-03 
  0.16666667  0.25000000  0.40000000  2.083333e-03 
  0.16666667  0.25000000  0.50000000  2.083333e-03 
  0.16666667  0.25000000  0.60000000  2.083333e-03 
  0.16666667  0.25000000  0.70000000  2.083333e-03 
  0.16666667  0.25000000  0.80000000  2.083333e-03 
  0.16666667  0.25000000  0.90000000  2.083333e-03 
  0.16666667  0.37500000  0.00000000  2.083333e-03 
  0.16666667  0.37500000  0.10000000  2.083333e-03 
  0.16666667  0.37500000  0.20000000  2.083333e-03 
  0.16666667  0.37500000  0.30000000  2.083333e-03 
  0.16666667  0.37500000  0.40000000  2.083333e-03 
  0.16666667  0.37500000  0.50000000  2.083333e-03 
  0.16666667  0.37500000  0.60000000  2.083333e-03 
  0.16666667  0.37500000  0.70000000  2.083333e-03 
  0.16666667  0.37500000  0.80000000  2.083333e-03 
  0.16666667  0.37500000  0.90000000  2.083333e-03 
  0.16666667  0.50000000  0.00000000  2.083333e-03 
  0.16666667  0.50000000  0.10000000  2.083333e-03 
  0.16666667  0.50000000  0.20000000  2.083333e-03 
  0.16666667  0.50000000  0.30000000  2.083333e-03 
  0.16666667  0.50000000  0.40000000  2.083333e-03 
  0.16666667  0.50000000  0.50000000  2.083333e-03 
  0.16666667  0.50000000  0.60000000  2.083333e-03 
  0.16666667  0.50000000  0.70000000  2.083333e-03 
  0.16666667  0.50000000  0.80000000  2.083333e-03 
  0.16666667  0.50000000  0.90000000  2.083333e-03 
  0.16666667  0.62500000  0.00000000  2.083333e-03 
  0.16666667  0.62500000  0.10000000  2.083333e-03 
  0.16666667  0.62500000  0.20000000  2.083333e-03 
  0.16666667  0.62500000  0.30000000  2.083333e-03 
  0.16666667  0.62500000  0.40000000  2.083333e-03 
  0.16666667  0.62500000  0.50000000  2.083333e-03 
  0.16666667  0.62500000  0.60000000  2.083333e-03 
  0.16666667  0.62500000  0.70000000  2.083333e-03 
  0.16666667  0.62500000  0.80000000  2.083333e-03 
  0.16666667  0.62500000  0.90000000  2.083333e-03 
  0.16666667  0.75000000  0.00000000  2.083333e-03 
  0.16666667  0.75000000  0.10000000  2.083333e-03 
  0.16666667  0.75000000  0.20000000  2.083333e-03 
  0.16666667  0.75000000  0.30000000  2.083333e-03 
  0.16666667  0.75000000  0.40000000  2.083333e-03 
  0.16666667  0.75000000  0.50000000  2.083333e-03 
  0.16666667  0.75000000  0.60000000  2.083333e-03 
  0.16666667  0.75000000  0.70000000  2.083333e-03 
  0.16666667  0.75000000  0.80000000  2.083333e-03 
  0.16666667  0.75000000  0.90000000  2.083333e-03 
  0.16666667  0.87500000  0.00000000  2.083333e-03 
  0.16666667  0.87500000  0.10000000  2.083333e-03 
  0.16666667  0.87500000  0.20000000  2.083333e-03 
  0.16666667  0.87500000  0.30000000  2.083333e-03 
  0.16666667  0.87500000  0.40000000  2.083333e-03 
  0.16666667  0.87500000  0.50000000  2.083333e-03 
  0.16666667  0.87500000  0.60000000  2.083333e-03 
  0.16666667  0.87500000  0.70000000  2.083333e-03 
  0.16666667  0.87500000  0.80000000  2.083333e-03 
  0.16666667  0.87500000  0.90000000  2.083333e-03 
  0.33333333  0.00000000  0.00000000  2.083333e-03 
  0.33333333  0.00000000  0.10000000  2.083333e-03 
  0.33333333  0.00000000  0.20000000  2.083333e-03 
  0.33333333  0.00000000  0.30000000  2.083333e-03 
  0.33333333  0.00000000  0.40000000  2.083333e-03 
  0.33333333  0.00000000  0.50000000  2.083333e-03 
  0.33333333  0.00000000  0.60000000  2.083333e-03 
  0.33333333  0.00000000  0.70000000  2.083333e-03 
  0.33333333  0.00000000  0.80000000  2.083333e-03 
  0.33333333  0.00000000  0.90000000  2.083333e-03 
  0.33333333  0.12500000  0.00000000  2.083333e-03 
  0.33333333  0.12500000  0.10000000  2.083333e-03 
  0.33333333  0.12500000  0.20000000  2.083333e-03 
  0.33333333  0.12500000  0.30000000  2.083333e-03 
  0.33333333  0.12500000  0.40000000  2.083333e-03 
  0.33333333  0.12500000  0.50000000  2.083333e-03 
  0.33333333  0.12500000  0.60000000  2.083333e-03 
  0.33333333  0.12500000  0.70000000  2.083333e-03 
  0.33333333  0.12500000  0.80000000  2.083333e-03 
  0.33333333  0.12500000  0.90000000  2.083333e-03 
  0.33333333  0.25000000  0.00000000  2.083333e-03 
  0.33333333  0.25000000  0.10000000  2.083333e-03 
  0.33333333  0.25000000  0.20000000  2.083333e-03 
  0.33333333  0.25000000  0.30000000  2.083333e-03 
  0.33333333  0.25000000  0.40000000  2.083333e-03 
  0.33333333  0.25000000  0.50000000  2.083333e-03 
  0.33333333  0.25000000  0.60000000  2.083333e-03 
  0.33333333  0.25000000  0.70000000  2.083333e-03 
  0.33333333  0.25000000  0.80000000  2.083333e-03 
  0.33333333  0.25000000  0.90000000  2.083333e-03 
  0.33333333  0.37500000  0.00000000  2.083333e-03 
  0.33333333  0.37500000  0.10000000  2.083333e-03 
  0.33333333  0.37500000  0.20000000  2.083333e-03 
  0.33333333  0.37500000  0.30000000  2.083333e-03 
  0.33333333  0.37500000  0.40000000  2.083333e-03 
  0.33333333  0.37500000  0.50000000  2.083333e-03 
  0.33333333  0.37500000  0.60000000  2.083333e-03 
  0.33333333  0.37500000  0.70000000  2.083333e-03 
  0.33333333  0.37500000  0.80000000  2.083333e-03 
  0.33333333  0.37500000  0.90000000  2.083333e-03 
  0.33333333  0.50000000  0.00000000  2.083333e-03 
  0.33333333  0.50000000  0.10000000  2.083333e-03 
  0.33333333  0.50000000  0.20000000  2.083333e-03 
  0.33333333  0.50000000  0.30000000  2.083333e-03 
  0.33333333  0.50000000  0.40000000  2.083333e-03 
  0.33333333  0.50000000  0.50000000  2.083333e-03 
  0.33333333  0.50000000  0.60000000  2.083333e-03 
  0.33333333  0.50000000  0.70000000  2.083333e-03 
  0.33333333  0.50000000  0.80000000  2.083333e-03 
  0.33333333  0.50000000  0.90000000  2.083333e-03 
  0.33333333  0.62500000  0.00000000  2.083333e-03 
  0.33333333  0.62500000  0.10000000  2.083333e-03 
  0.33333333  0.62500000  0.20000000  2.083333e-03 
  0.33333333  0.62500000  0.30000000  2.083333e-03 
  0.33333333  0.62500000  0.40000000  2.083333e-03 
  0.33333333  0.62500000  0.50000000  2.083333e-03 
  0.33333333  0.62500000  0.60000000  2.083333e-03 
  0.33333333  0.62500000  0.70000000  2.083333e-03 
  0.33333333  0.62500000  0.80000000  2.083333e-03 
  0.33333333  0.62500000  0.90000000  2.083333e-03 
  0.33333333  0.75000000  0.00000000  2.083333e-03 
  0.33333333  0.75000000  0.10000000  2.083333e-03 
  0.33333333  0.75000000  0.20000000  2.083333e-03 
  0.33333333  0.75000000  0.30000000  2.083333e-03 
  0.33333333  0.75000000  0.40000000  2.083333e-03 
  0.33333333  0.75000000  0.50000000  2.083333e-03 
  0.33333333  0.75000000  0.60000000  2.083333e-03 
  0.33333333  0.75000000  0.70000000  2.083333e-03 
  0.33333333  0.75000000  0.80000000  2.083333e-03 
  0.33333333  0.75000000  0.90000000  2.083333e-03 
  0.33333333  0.87500000  0.00000000  2.083333e-03 
  0.33333333  0.87500000  0.10000000  2.083333e-03 
  0.33333333  0.87500000  0.20000000  2.083333e-03 
  0.33333333  0.87500000  0.30000000  2.083333e-03 
  0.33333333  0.87500000  0.40000000  2.083333e-03 
  0.33333333  0.87500000  0.50000000  2.083333e-03 
  0.33333333  0.87500000  0.60000000  2.083333e-03 
  0.33333333  0.87500000  0.70000000  2.083333e-03 
  0.33333333  0.87500000  0.80000000  2.083333e-03 
  0.33333333  0.87500000  0.90000000  2.083333e-03 
  0.50000000  0.00000000  0.00000000  2.083333e-03 
  0.50000000  0.00000000  0.10000000  2.083333e-03 
  0.50000000  0.00000000  0.20000000  2.083333e-03 
  0.50000000  0.00000000  0.30000000  2.083333e-03 
  0.50000000  0.00000000  0.40000000  2.083333e-03 
  0.50000000  0.00000000  0.50000000  2.083333e-03 
  0.50000000  0.00000000  0.60000000  2.083333e-03 
  0.50000000  0.00000000  0.70000000  2.083333e-03 
  0.50000000  0.00000000  0.80000000  2.083333e-03 
  0.50000000  0.00000000  0.90000000  2.083333e-03 
  0.50000000  0.12500000  0.00000000  2.083333e-03 
  0.50000000  0.12500000  0.10000000  2.083333e-03 
  0.50000000  0.12500000  0.20000000  2.083333e-03 
  0.50000000  0.12500000  0.30000000  2.083333e-03 
  0.50000000  0.12500000  0.40000000  2.083333e-03 
  0.50000000  0.12500000  0.50000000  2.083333e-03 
  0.50000000  0.12500000  0.60000000  2.083333e-03 
  0.50000000  0.12500000  0.70000000  2.083333e-03 
  0.50000000  0.12500000  0.80000000  2.083333e-03 
  0.50000000  0.12500000  0.90000000  2.083333e-03 
  0.50000000  0.25000000  0.00000000  2.083333e-03 
  0.50000000  0.25000000  0.10000000  2.083333e-03 
  0.50000000  0.25000000  0.20000000  2.083333e-03 
  0.50000000  0.25000000  0.30000000  2.083333e-03 
  0.50000000  0.25000000  0.40000000  2.083333e-03 
  0.50000000  0.25000000  0.50000000  2.083333e-03 
  0.50000000  0.25000000  0.60000000  2.083333e-03 
  0.50000000  0.25000000  0.70000000  2.083333e-03 
  0.50000000  0.25000000  0.80000000  2.083333e-03 
  0.50000000  0.25000000  0.90000000  2.083333e-03 
  0.50000000  0.37500000  0.00000000  2.083333e-03 
  0.50000000  0.37500000  0.10000000  2.083333e-03 
  0.50000000  0.37500000  0.20000000  2.083333e-03 
  0.50000000  0.37500000  0.30000000  2.083333e-03 
  0.50000000  0.37500000  0.40000000  2.083333e-03 
  0.50000000  0.37500000  0.50000000  2.083333e-03 
  0.50000000  0.37500000  0.60000000  2.083333e-03 
  0.50000000  0.37500000  0.70000000  2.083333e-03 
  0.50000000  0.37500000  0.80000000  2.083333e-03 
  0.50000000  0.37500000  0.90000000  2.083333e-03 
  0.50000000  0.50000000  0.00000000  2.083333e-03 
  0.50000000  0.50000000  0.10000000  2.083333e-03 
  0.50000000  0.50000000  0.20000000  2.083333e-03 
  0.50000000  0.50000000  0.30000000  2.083333e-03 
  0.50000000  0.50000000  0.40000000  2.083333e-03 
  0.50000000  0.50000000  0.50000000  2.083333e-03 
  0.50000000  0.50000000  0.60000000  2.083333e-03 
  0.50000000  0.50000000  0.70000000  2.083333e-03 
  0.50000000  0.50000000  0.80000000  2.083333e-03 
  0.50000000  0.50000000  0.90000000  2.083333e-03 
  0.50000000  0.62500000  0.00000000  2.083333e-03 
  0.50000000  0.62500000  0.10000000  2.083333e-03 
  0.50000000  0.62500000  0.20000000  2.083333e-03 
  0.50000000  0.62500000  0.30000000  2.083333e-03 
  0.50000000  0.62500000  0.40000000  2.083333e-03 
  0.50000000  0.62500000  0.50000000  2.083333e-03 
  0.50000000  0.62500000  0.60000000  2.083333e-03 
  0.50000000  0.62500000  0.70000000  2.083333e-03 
  0.50000000  0.62500000  0.80000000  2.083333e-03 
  0.50000000  0.62500000  0.90000000  2.083333e-03 
  0.50000000  0.75000000  0.00000000  2.083333e-03 
  0.50000000  0.75000000  0.10000000  2.083333e-03 
  0.50000000  0.75000000  0.20000000  2.083333e-03 
  0.50000000  0.75000000  0.30000000  2.083333e-03 
  0.50000000  0.75000000  0.40000000  2.083333e-03 
  0.50000000  0.75000000  0.50000000  2.083333e-03 
  0.50000000  0.75000000  0.60000000  2.083333e-03 
  0.50000000  0.75000000  0.70000000  2.083333e-03 
  0.50000000  0.75000000  0.80000000  2.083333e-03 
  0.50000000  0.75000000  0.90000000  2.083333e-03 
  0.50000000  0.87500000  0.00000000  2.083333e-03 
  0.50000000  0.87500000  0.10000000  2.083333e-03 
  0.50000000  0.87500000  0.20000000  2.083333e-03 
  0.50000000  0.87500000  0.30000000  2.083333e-03 
  0.50000000  0.87500000  0.40000000  2.083333e-03 
  0.50000000  0.87500000  0.50000000  2.083333e-03 
  0.50000000  0.87500000  0.60000000  2.083333e-03 
  0.50000000  0.87500000  0.70000000  2.083333e-03 
  0.50000000  0.87500000  0.80000000  2.083333e-03 
  0.50000000  0.87500000  0.90000000  2.083333e-03 
  0.66666667  0.00000000  0.00000000  2.083333e-03 
  0.66666667  0.00000000  0.10000000  2.083333e-03 
  0.66666667  0.00000000  0.20000000  2.083333e-03 
  0.66666667  0.00000000  0.30000000  2.083333e-03 
  0.66666667  0.00000000  0.40000000  2.083333e-03 
  0.66666667  0.00000000  0.50000000  2.083333e-03 
  0.66666667  0.00000000  0.60000000  2.083333e-03 
  0.66666667  0.00000000  0.70000000  2.083333e-03 
  0.66666667  0.00000000  0.80000000  2.083333e-03 
  0.66666667  0.00000000  0.90000000  2.083333e-03 
  0.66666667  0.12500000  0.00000000  2.083333e-03 
  0.66666667  0.12500000  0.10000000  2.083333e-03 
  0.66666667  0.12500000  0.20000000  2.083333e-03 
  0.66666667  0.12500000  0.30000000  2.083333e-03 
  0.66666667  0.12500000  0.40000000  2.083333e-03 
  0.66666667  0.12500000  0.50000000  2.083333e-03 
  0.66666667  0.12500000  0.60000000  2.083333e-03 
  0.66666667  0.12500000  0.70000000  2.083333e-03 
  0.66666667  0.12500000  0.80000000  2.083333e-03 
  0.66666667  0.12500000  0.90000000  2.083333e-03 
  0.66666667  0.25000000  0.00000000  2.083333e-03 
  0.66666667  0.25000000  0.10000000  2.083333e-03 
  0.66666667  0.25000000  0.20000000  2.083333e-03 
  0.66666667  0.25000000  0.30000000  2.083333e-03 
  0.66666667  0.25000000  0.40000000  2.083333e-03 
  0.66666667  0.25000000  0.50000000  2.083333e-03 
  0.66666667  0.25000000  0.60000000  2.083333e-03 
  0.66666667  0.25000000  0.70000000  2.083333e-03 
  0.66666667  0.25000000  0.80000000  2.083333e-03 
  0.66666667  0.25000000  0.90000000  2.083333e-03 
  0.66666667  0.37500000  0.00000000  2.083333e-03 
  0.66666667  0.37500000  0.10000000  2.083333e-03 
  0.66666667  0.37500000  0.20000000  2.083333e-03 
  0.66666667  0.37500000  0.30000000  2.083333e-03 
  0.66666667  0.37500000  0.40000000  2.083333e-03 
  0.66666667  0.37500000  0.50000000  2.083333e-03 
  0.66666667  0.37500000  0.60000000  2.083333e-03 
  0.66666667  0.37500000  0.70000000  2.083333e-03 
  0.66666667  0.37500000  0.80000000  2.083333e-03 
  0.66666667  0.37500000  0.90000000  2.083333e-03 
  0.66666667  0.50000000  0.00000000  2.083333e-03 
  0.66666667  0.50000000  0.10000000  2.083333e-03 
  0.66666667  0.50000000  0.20000000  2.083333e-03 
  0.66666667  0.50000000  0.30000000  2.083333e-03 
  0.66666667  0.50000000  0.40000000  2.083333e-03 
  0.66666667  0.50000000  0.50000000  2.083333e-03 
  0.66666667  0.50000000  0.60000000  2.083333e-03 
  0.66666667  0.50000000  0.70000000  2.083333e-03 
  0.66666667  0.50000000  0.80000000  2.083333e-03 
  0.66666667  0.50000000  0.90000000  2.083333e-03 
  0.66666667  0.62500000  0.00000000  2.083333e-03 
  0.66666667  0.62500000  0.10000000  2.083333e-03 
  0.66666667  0.62500000  0.20000000  2.083333e-03 
  0.66666667  0.62500000  0.30000000  2.083333e-03 
  0.66666667  0.62500000  0.40000000  2.083333e-03 
  0.66666667  0.62500000  0.50000000  2.083333e-03 
  0.66666667  0.62500000  0.60000000  2.083333e-03 
  0.66666667  0.62500000  0.70000000  2.083333e-03 
  0.66666667  0.62500000  0.80000000  2.083333e-03 
  0.66666667  0.62500000  0.90000000  2.083333e-03 
  0.66666667  0.75000000  0.00000000  2.083333e-03 
  0.66666667  0.75000000  0.10000000  2.083333e-03 
  0.66666667  0.75000000  0.20000000  2.083333e-03 
  0.66666667  0.75000000  0.30000000  2.083333e-03 
  0.66666667  0.75000000  0.40000000  2.083333e-03 
  0.66666667  0.75000000  0.50000000  2.083333e-03 
  0.66666667  0.75000000  0.60000000  2.083333e-03 
  0.66666667  0.75000000  0.70000000  2.083333e-03 
  0.66666667  0.75000000  0.80000000  2.083333e-03 
  0.66666667  0.75000000  0.90000000  2.083333e-03 
  0.66666667  0.87500000  0.00000000  2.083333e-03 
  0.66666667  0.87500000  0.10000000  2.083333e-03 
  0.66666667  0.87500000  0.20000000  2.083333e-03 
  0.66666667  0.87500000  0.30000000  2.083333e-03 
  0.66666667  0.87500000  0.40000000  2.083333e-03 
  0.66666667  0.87500000  0.50000000  2.083333e-03 
  0.66666667  0.87500000  0.60000000  2.083333e-03 
  0.66666667  0.87500000  0.70000000  2.083333e-03 
  0.66666667  0.87500000  0.80000000  2.083333e-03 
  0.66666667  0.87500000  0.90000000  2.083333e-03 
  0.83333333  0.00000000  0.00000000  2.083333e-03 
  0.83333333  0.00000000  0.10000000  2.083333e-03 
  0.83333333  0.00000000  0.20000000  2.083333e-03 
  0.83333333  0.00000000  0.30000000  2.083333e-03 
  0.83333333  0.00000000  0.40000000  2.083333e-03 
  0.83333333  0.00000000  0.50000000  2.083333e-03 
  0.83333333  0.00000000  0.60000000  2.083333e-03 
  0.83333333  0.00000000  0.70000000  2.083333e-03 
  0.83333333  0.00000000  0.80000000  2.083333e-03 
  0.83333333  0.00000000  0.90000000  2.083333e-03 
  0.83333333  0.12500000  0.00000000  2.083333e-03 
  0.83333333  0.12500000  0.10000000  2.083333e-03 
  0.83333333  0.12500000  0.20000000  2.083333e-03 
  0.83333333  0.12500000  0.30000000  2.083333e-03 
  0.83333333  0.12500000  0.40000000  2.083333e-03 
  0.83333333  0.12500000  0.50000000  2.083333e-03 
  0.83333333  0.12500000  0.60000000  2.083333e-03 
  0.83333333  0.12500000  0.70000000  2.083333e-03 
  0.83333333  0.12500000  0.80000000  2.083333e-03 
  0.83333333  0.12500000  0.90000000  2.083333e-03 
  0.83333333  0.25000000  0.00000000  2.083333e-03 
  0.83333333  0.25000000  0.10000000  2.083333e-03 
  0.83333333  0.25000000  0.20000000  2.083333e-03 
  0.83333333  0.25000000  0.30000000  2.083333e-03 
  0.83333333  0.25000000  0.40000000  2.083333e-03 
  0.83333333  0.25000000  0.50000000  2.083333e-03 
  0.83333333  0.25000000  0.60000000  2.083333e-03 
  0.83333333  0.25000000  0.70000000  2.083333e-03 
  0.83333333  0.25000000  0.80000000  2.083333e-03 
  0.83333333  0.25000000  0.90000000  2.083333e-03 
  0.83333333  0.37500000  0.00000000  2.083333e-03 
  0.83333333  0.37500000  0.10000000  2.083333e-03 
  0.83333333  0.37500000  0.20000000  2.083333e-03 
  0.83333333  0.37500000  0.30000000  2.083333e-03 
  0.83333333  0.37500000  0.40000000  2.083333e-03 
  0.83333333  0.37500000  0.50000000  2.083333e-03 
  0.83333333  0.37500000  0.60000000  2.083333e-03 
  0.83333333  0.37500000  0.70000000  2.083333e-03 
  0.83333333  0.37500000  0.80000000  2.083333e-03 
  0.83333333  0.37500000  0.90000000  2.083333e-03 
  0.83333333  0.50000000  0.00000000  2.083333e-03 
  0.83333333  0.50000000  0.10000000  2.083333e-03 
  0.83333333  0.50000000  0.20000000  2.083333e-03 
  0.83333333  0.50000000  0.30000000  2.083333e-03 
  0.83333333  0.50000000  0.40000000  2.083333e-03 
  0.83333333  0.50000000  0.50000000  2.083333e-03 
  0.83333333  0.50000000  0.60000000  2.083333e-03 
  0.83333333  0.50000000  0.70000000  2.083333e-03 
  0.83333333  0.50000000  0.80000000  2.083333e-03 
  0.83333333  0.50000000  0.90000000  2.083333e-03 
  0.83333333  0.62500000  0.00000000  2.083333e-03 
  0.83333333  0.62500000  0.10000000  2.083333e-03 
  0.83333333  0.62500000  0.20000000  2.083333e-03 
  0.83333333  0.62500000  0.30000000  2.083333e-03 
  0.83333333  0.62500000  0.40000000  2.083333e-03 
  0.83333333  0.62500000  0.50000000  2.083333e-03 
  0.83333333  0.62500000  0.60000000  2.083333e-03 
  0.83333333  0.62500000  0.70000000  2.083333e-03 
  0.83333333  0.62500000  0.80000000  2.083333e-03 
  0.83333333  0.62500000  0.90000000  2.083333e-03 
  0.83333333  0.75000000  0.00000000  2.083333e-03 
  0.83333333  0.75000000  0.10000000  2.083333e-03 
  0.83333333  0.75000000  0.20000000  2.083333e-03 
  0.83333333  0.75000000  0.30000000  2.083333e-03 
  0.83333333  0.75000000  0.40000000  2.083333e-03 
  0.83333333  0.75000000  0.50000000  2.083333e-03 
  0.83333333  0.75000000  0.60000000  2.083333e-03 
  0.83333333  0.75000000  0.70000000  2.083333e-03 
  0.83333333  0.75000000  0.80000000  2.083333e-03 
  0.83333333  0.75000000  0.90000000  2.083333e-03 
  0.83333333  0.87500000  0.00000000  2.083333e-03 
  0.83333333  0.87500000  0.10000000  2.083333e-03 
  0.83333333  0.87500000  0.20000000  2.083333e-03 
  0.83333333  0.87500000  0.30000000  2.083333e-03 
  0.83333333  0.87500000  0.40000000  2.083333e-03 
  0.83333333  0.87500000  0.50000000  2.083333e-03 
  0.83333333  0.87500000  0.60000000  2.083333e-03 
  0.83333333  0.87500000  0.70000000  2.083333e-03 
  0.83333333  0.87500000  0.80000000  2.083333e-03 
  0.83333333  0.87500000  0.90000000  2.083333e-03 
